4724149 4655501 4797755 4791660 4691313 4601601 4722349 4861709 4733981 4811747 4709067 4893193 4710663 4701981 4733215 4762732 4802577 4733578 4719799 4921850 4797581 4840973 4757753 4717113 4691785 4799191 4773199 4678130 4622163 4751353 
18991547 19046856 18770155 19073535 18844310 18847157 18979636 19153299 18987886 19177697 18854355 18972497 18745616 19043632 18997167 18925587 19000718 18877597 18943638 19322775 19067190 18813936 18717326 19299097 18822075 19084555 19007996 18962022 18678617 19143554 
42704969 42753358 41991695 42775303 42805345 43192732 42660608 42514532 43104410 42978412 42812797 42550951 43084693 42590421 42387899 43247243 42331013 42546128 42936644 42862086 41873408 43448107 42344141 42241094 42641825 42950023 43265732 42898234 43030781 42582984 
75394183 76112341 76057924 76506553 76065434 76497254 75503310 75996368 75860967 75352808 76300165 75143553 75675443 75846244 75539321 75806328 76065792 74960212 77157267 75220056 76327056 75523611 77205468 76018959 75067812 74975099 75400200 75726789 75919128 76291254 
118995145 118230148 118932785 118654586 119374460 119003260 117694188 118632353 117505573 118505903 118477145 118164680 118745338 116859870 117455471 117929532 117712669 117873231 118557303 116590574 118082893 117194095 117866486 118269315 119938573 118071946 117410403 117493789 118183415 118370624 
170777959 170235225 170096533 169609987 171471803 171994978 170485198 169200677 170333680 170634507 171182224 170857746 171348799 169474989 170026625 170201243 171220943 170441529 169981462 173486743 169757968 169816092 172064043 168349300 173075521 170732038 172234132 171381915 171404366 168962008 
230487551 232299882 232544837 232147470 233449133 233267010 230918105 230132553 232517811 231276214 233733143 231610160 231382754 232689920 233675002 230711185 230483996 232352371 230553538 229496822 229947811 234598306 232632317 231337088 233201171 231637087 233956987 232288502 231279611 232393508 
302976660 302641440 301427022 301578876 301844040 304354155 297055016 304286332 298959664 301906590 299563356 300792760 301235205 301603626 300989460 301870395 301136546 301827605 301833875 300980488 303789526 303265921 301858097 304438380 302771432 300027570 301635954 301051486 300821784 303667309 
380436751 378194779 381666415 382848347 380070215 379532792 377172230 374195428 378264993 378943696 376504686 379683800 378995788 378655773 378411082 377182155 377911583 379428302 382597463 378437989 373905473 383747044 380480748 374735472 377689052 378303797 378693259 380307050 377351865 378084327 
463764459 467524313 462267684 460938520 466918225 466442970 464483546 461466695 464535907 463633634 466374769 468016507 466156573 466056660 465948657 465946914 463582341 468426041 463861572 465554553 466538229 464793059 464472953 468680940 462582999 462697293 464837172 466937172 463908241 464895549 
