61808 61808 61808 61808 61808 61808 61808 61808 61808 61808 61808 61808 61808 61808 61808 61808 61808 61808 61808 61808 61808 61808 61808 61808 61808 61808 61808 61808 61808 61808 
133616 133616 133616 133616 133616 133616 133616 133616 133616 133616 133616 133616 133616 133616 133616 133616 133616 133616 133616 133616 133616 133616 133616 133616 133616 133616 133616 133616 133616 133616 
208616 208616 208616 208616 208616 208616 208616 208616 208616 208616 208616 208616 208616 208616 208616 208616 208616 208616 208616 208616 208616 208616 208616 208616 208616 208616 208616 208616 208616 208616 
287232 287232 287232 287232 287232 287232 287232 287232 287232 287232 287232 287232 287232 287232 287232 287232 287232 287232 287232 287232 287232 287232 287232 287232 287232 287232 287232 287232 287232 287232 
367232 367232 367232 367232 367232 367232 367232 367232 367232 367232 367232 367232 367232 367232 367232 367232 367232 367232 367232 367232 367232 367232 367232 367232 367232 367232 367232 367232 367232 367232 
447232 447232 447232 447232 447232 447232 447232 447232 447232 447232 447232 447232 447232 447232 447232 447232 447232 447232 447232 447232 447232 447232 447232 447232 447232 447232 447232 447232 447232 447232 
529464 529464 529464 529464 529464 529464 529464 529464 529464 529464 529464 529464 529464 529464 529464 529464 529464 529464 529464 529464 529464 529464 529464 529464 529464 529464 529464 529464 529464 529464 
614464 614464 614464 614464 614464 614464 614464 614464 614464 614464 614464 614464 614464 614464 614464 614464 614464 614464 614464 614464 614464 614464 614464 614464 614464 614464 614464 614464 614464 614464 
699464 699464 699464 699464 699464 699464 699464 699464 699464 699464 699464 699464 699464 699464 699464 699464 699464 699464 699464 699464 699464 699464 699464 699464 699464 699464 699464 699464 699464 699464 
784464 784464 784464 784464 784464 784464 784464 784464 784464 784464 784464 784464 784464 784464 784464 784464 784464 784464 784464 784464 784464 784464 784464 784464 784464 784464 784464 784464 784464 784464 
