71034 70489 73016 68572 81105 68799 69722 72555 73615 75593 67732 73106 69754 70583 71637 72292 73209 68887 69385 72371 71011 77034 67790 71214 70493 75518 69213 78144 71754 74222 
159807 155695 155938 146969 154919 147558 154242 155663 159035 149703 154006 151614 151705 153664 153637 152510 153263 152935 165874 153227 147980 158172 152096 152029 151260 151597 152244 152150 150170 153244 
262871 256374 239274 240041 265396 247220 272173 242281 242169 247756 232650 239330 240809 240444 273354 244290 246208 252331 247898 243405 246922 243484 248813 232520 240427 244827 235902 238225 240038 240650 
346054 323912 352168 328386 340404 339107 331155 332532 335314 322627 338608 337025 323733 349248 327153 341947 343033 356539 340428 343263 341370 358823 332299 359018 336531 327175 338582 344136 343445 345765 
441731 427132 419391 425227 437631 418461 425869 436775 435158 429383 420405 451965 436263 424568 423722 442351 417856 460564 420445 434632 430365 410248 425580 436047 419335 401264 456330 425193 441785 414105 
500471 548490 534987 521035 534133 534896 537649 563838 527656 526845 569337 530926 550030 526123 528756 543019 500576 525351 517384 509287 530805 511018 541961 552645 517401 528365 535806 560512 532019 512089 
611008 598278 610515 630798 648250 664449 652452 632452 632997 615345 610467 653943 625631 613938 618589 646756 630750 645639 625383 624115 643880 673081 634157 670595 662128 634131 599195 603911 603334 653986 
735288 726857 763702 730455 709533 692250 772221 705361 763508 712153 735343 771288 716978 724395 726194 792079 716937 711060 709533 751867 712623 750147 755983 700080 745623 712590 762673 737090 774665 743514 
814442 790900 859952 833293 790575 805528 859658 883335 825018 828936 880857 830141 910460 819242 850300 841815 824800 822498 891625 802529 824111 816320 819788 839037 900320 853468 877229 814706 856635 834095 
934914 1000590 895062 976744 1021270 941538 959308 939281 970487 934308 985148 914552 1005748 921457 894441 965269 957414 922677 912111 957888 909203 916852 1010109 942548 974627 958266 994685 950688 956453 911632 
