72862 72486 74072 76416 74045 73767 70171 75699 77461 81789 78416 82728 80696 82683 76687 72709 84146 79276 74412 74818 76860 79075 79437 92365 89863 81129 89115 76031 70092 83243 
154291 155163 147009 180803 165574 171444 196339 156172 187961 176168 155217 182915 153546 167090 169263 177933 168604 157775 166867 198949 174116 171509 159767 165681 147219 162780 168789 220347 157387 193039 
288755 256834 267003 298506 274769 288870 281920 266611 256353 269711 333966 244671 284619 265077 259446 270403 308858 263926 253080 268745 258184 265668 285862 255711 310156 263057 275290 253067 251737 253299 
378626 390105 365264 346804 374572 351676 349160 374164 364075 376031 338902 392748 373236 340766 396091 365649 410671 341087 335529 354127 332016 346467 385570 398646 362462 411330 393826 356002 354885 367595 
540551 508111 477672 500305 486556 468037 477094 507935 440127 480729 481947 445845 437820 486494 454836 503320 541544 463165 484501 485258 520818 436521 452514 509445 478638 455058 441023 454977 533769 431070 
635995 613966 514025 545167 531340 671957 589154 580995 554417 579246 547246 570801 612382 536591 585763 591743 554922 532097 508239 572264 559749 559010 619115 531437 643276 529306 552426 516952 566964 633506 
728974 699884 803381 714513 670871 700023 622947 647318 645660 636905 690400 650484 790417 632047 735524 623062 794547 672099 745589 699780 638148 876190 697557 696195 631581 686445 653052 787898 674599 671568 
821776 734043 804038 737178 754074 784828 832629 743584 821848 864554 776555 770109 752141 755999 816565 795758 725688 838206 851041 797190 771918 820943 755311 766307 810855 731246 854188 768342 803583 785213 
868219 891971 859196 902678 882170 854038 869340 941573 947756 923698 871897 927528 896408 864320 830453 816992 847046 926457 916991 911522 849849 834450 905450 950107 851912 873763 913310 906516 863044 858859 
932547 1007772 962313 950975 1040226 943617 988422 1053397 933949 958157 1008942 1103697 1059011 1095710 1019362 1075286 987497 1048367 1138946 1174109 961171 952442 1045598 1105426 1013870 1006766 1058004 1288705 1103193 903345 
